jobs = 10
machines = 2

proc_time =
6  5
7  8
5  7
6  7
5  9
5  5
9  10
9  9
7  5
8  10

setup_time =
# machine 1
0  9  10  10  7  6  9  8  8  5
6  0  8  5  5  10  10  10  5  7
8  6  0  7  9  8  10  6  9  10
10  8  7  0  6  7  8  9  7  6
8  9  7  6  0  8  9  9  7  10
7  9  5  5  5  0  9  6  10  7
5  7  9  10  10  6  0  8  9  9
8  5  10  6  7  9  10  0  5  10
8  6  8  10  8  9  10  9  0  8
9  8  10  6  7  8  10  7  10  0

# machine 2
0  8  10  7  10  8  5  8  7  9
6  0  5  6  6  9  5  6  8  6
7  10  0  9  5  6  9  8  10  10
6  6  10  0  10  5  8  6  7  9
8  7  10  9  0  6  8  8  7  9
8  8  5  5  8  0  5  8  8  6
5  8  7  8  5  10  0  5  8  8
7  5  6  5  9  5  7  0  9  7
8  5  8  5  8  9  7  8  0  5
9  7  8  9  10  5  8  5  10  0

