jobs = 10
machines = 2

proc_time =
10  9
7  5
10  10
5  10
8  7
10  6
7  8
7  6
7  7
10  6

setup_time =
# machine 1
0  10  9  5  5  9  8  9  5  7
5  0  8  7  6  8  8  10  6  8
10  10  0  5  7  5  8  7  8  7
10  8  7  0  7  8  6  6  8  5
10  6  7  6  0  6  6  5  6  5
5  6  8  6  7  0  5  10  6  5
8  8  9  9  8  7  0  5  6  9
7  9  7  7  7  10  9  0  5  9
10  6  5  8  8  9  6  5  0  5
8  8  7  7  9  5  8  9  10  0

# machine 2
0  9  9  9  9  7  7  10  7  9
5  0  9  10  7  9  7  8  5  7
9  8  0  8  8  9  5  5  5  8
5  6  10  0  10  5  8  5  7  6
9  7  8  7  0  5  5  6  8  6
9  10  10  5  5  0  9  10  8  10
9  8  9  9  8  7  0  8  8  7
5  6  7  5  10  10  8  0  7  7
7  10  8  5  10  7  10  6  0  10
5  7  6  6  9  7  10  9  7  0

