jobs = 10
machines = 2

proc_time =
6  8
6  10
9  8
6  8
7  10
7  5
7  7
6  8
10  8
7  6

setup_time =
# machine 1
0  8  6  6  6  10  10  10  5  5
7  0  8  8  10  5  8  6  8  10
7  10  0  5  10  5  8  9  6  9
6  8  9  0  8  7  7  7  6  8
6  8  7  8  0  10  9  10  6  10
6  5  7  8  9  0  6  10  9  10
7  5  8  6  5  9  0  6  7  8
6  5  5  8  6  7  7  0  8  6
8  6  8  6  5  5  8  8  0  5
5  9  5  6  8  8  9  5  8  0

# machine 2
0  5  7  5  7  8  6  8  6  10
8  0  9  8  7  5  10  10  7  5
8  6  0  9  5  9  5  7  6  8
10  8  10  0  9  8  8  10  9  6
9  6  5  8  0  5  10  8  6  5
7  7  9  7  10  0  6  5  6  5
10  8  6  6  9  9  0  6  6  6
10  7  10  7  5  6  10  0  5  5
9  6  7  8  7  7  7  7  0  5
5  5  9  10  7  5  9  6  6  0

