jobs = 10
machines = 2

proc_time =
5  7
10  8
8  5
6  8
10  10
9  5
7  10
10  7
5  7
5  5

setup_time =
# machine 1
0  5  6  10  9  7  7  8  9  5
10  0  6  9  8  6  9  10  5  5
8  10  0  7  6  6  6  5  6  5
5  7  9  0  9  8  9  6  5  8
8  9  8  5  0  9  9  8  10  7
5  6  6  10  10  0  9  6  10  9
7  10  8  8  7  10  0  6  5  6
5  8  7  9  5  8  9  0  6  5
6  7  8  8  5  7  5  10  0  6
8  8  8  7  6  6  5  10  5  0

# machine 2
0  8  8  10  5  8  8  6  6  10
10  0  9  5  6  5  9  7  10  9
10  5  0  10  6  9  6  6  6  5
8  6  10  0  8  6  6  5  9  9
6  5  10  10  0  5  9  9  7  5
9  6  8  7  6  0  8  7  6  6
5  8  8  7  7  7  0  10  5  6
6  8  9  9  9  10  5  0  8  7
8  9  5  5  8  7  10  8  0  6
9  7  10  8  9  8  6  10  5  0

