jobs = 10
machines = 3

proc_time =
10  10  8
6  10  8
5  8  7
7  7  10
7  5  8
10  5  5
7  8  6
8  8  5
8  9  10
6  8  9

setup_time =
# machine 1
0  5  8  10  7  10  9  10  7  10
7  0  6  6  9  10  6  6  8  5
8  5  0  5  10  10  9  5  6  5
9  7  6  0  7  7  10  8  7  8
5  9  8  6  0  8  6  10  6  7
10  6  9  9  7  0  7  8  6  9
6  6  6  10  7  5  0  9  10  10
7  9  9  7  9  9  5  0  7  7
8  7  6  5  8  5  6  8  0  9
5  7  9  7  10  8  10  6  6  0

# machine 2
0  5  7  8  9  8  8  6  9  10
9  0  8  9  7  8  10  6  9  5
9  8  0  10  7  6  8  5  8  5
6  7  7  0  7  9  6  5  9  5
6  8  7  10  0  9  6  7  5  5
9  9  6  10  6  0  10  10  7  9
9  5  9  7  5  7  0  8  9  6
5  9  9  5  9  7  10  0  10  9
9  8  5  8  9  5  10  5  0  9
10  9  9  8  6  6  8  9  10  0

# machine 3
0  10  8  9  6  8  5  7  8  7
8  0  6  10  6  9  10  6  10  9
6  5  0  7  9  9  6  7  8  8
9  8  7  0  5  7  9  8  8  9
5  10  9  10  0  8  9  6  5  8
9  9  8  9  8  0  10  6  6  10
7  7  6  7  8  7  0  5  5  9
7  7  10  7  5  6  7  0  7  7
7  7  5  7  7  8  7  8  0  9
7  6  10  6  9  5  6  9  5  0

