jobs = 10
machines = 3

proc_time =
5  7  6
8  6  5
9  5  9
7  9  9
8  9  10
5  10  5
6  10  8
7  5  8
8  10  5
5  9  10

setup_time =
# machine 1
0  6  5  9  8  7  10  5  8  5
8  0  6  8  10  7  9  6  9  5
7  10  0  6  10  6  6  7  7  5
6  6  10  0  6  9  8  8  6  9
6  10  6  8  0  5  7  10  8  9
6  10  5  5  8  0  10  9  9  5
10  5  8  9  7  8  0  5  10  9
10  6  9  7  9  7  7  0  9  8
10  9  7  9  7  9  5  9  0  10
7  8  9  10  10  8  8  5  7  0

# machine 2
0  7  10  10  7  9  8  6  10  10
9  0  8  9  9  9  7  8  8  5
8  5  0  9  10  10  10  10  9  5
5  5  9  0  10  5  9  6  5  6
6  5  6  8  0  7  5  10  7  5
10  10  9  7  10  0  5  8  8  9
5  5  8  10  8  10  0  5  9  9
9  7  10  10  5  10  5  0  6  9
7  5  7  9  5  5  9  9  0  6
7  8  8  8  7  5  10  9  7  0

# machine 3
0  5  10  8  5  8  10  8  8  8
5  0  7  8  8  8  8  9  10  8
9  5  0  5  6  7  9  5  5  9
6  6  9  0  10  5  10  10  7  10
10  7  5  10  0  6  9  5  6  10
8  9  9  7  6  0  8  10  5  10
8  9  8  8  10  6  0  7  8  10
6  5  7  9  8  8  9  0  6  7
6  5  7  9  7  10  8  7  0  5
5  5  6  7  7  7  7  7  10  0

