jobs = 10
machines = 3

proc_time =
5  8  10
10  7  7
6  9  5
8  6  6
8  5  6
10  9  9
10  10  8
8  8  10
8  9  7
10  8  8

setup_time =
# machine 1
0  10  8  9  5  7  8  7  5  10
5  0  6  9  10  5  9  8  7  5
8  6  0  7  8  7  7  9  8  5
6  9  6  0  8  6  7  6  9  10
10  5  7  6  0  5  6  10  10  7
7  10  9  10  7  0  8  7  5  7
9  5  6  5  9  6  0  9  8  9
6  5  7  10  9  7  5  0  6  5
6  8  5  7  9  6  8  7  0  10
8  8  5  5  10  6  8  8  10  0

# machine 2
0  10  5  7  6  6  10  10  10  10
5  0  10  9  7  5  8  7  6  5
6  5  0  7  6  10  7  9  7  8
5  6  9  0  9  6  10  7  9  5
5  10  10  10  0  7  8  8  9  6
10  10  10  8  8  0  9  6  6  9
9  9  5  10  7  9  0  10  9  7
9  8  8  5  10  9  6  0  5  5
9  8  5  7  10  5  7  7  0  10
6  5  9  10  9  10  7  10  5  0

# machine 3
0  5  6  8  7  7  10  9  7  7
7  0  7  6  7  6  5  10  5  7
9  9  0  10  5  8  8  7  5  7
9  9  6  0  7  8  8  10  6  7
8  6  10  6  0  5  9  6  9  8
8  5  9  6  10  0  8  9  10  8
8  5  10  10  9  10  0  6  7  7
9  5  5  6  9  7  6  0  10  6
5  9  7  8  6  5  8  8  0  8
5  9  9  8  9  7  7  7  10  0

